1.648594050748524442e-01
7.335270474536495500e-02
5.673767335431843112e-02
6.438038421966026104e-02
7.096387998517862672e-02
7.462304913207189194e-02
8.129855302223472358e-02
7.776383395423430711e-02
6.920906096096554605e-02
6.830108262702339061e-02
6.257886327492552525e-02
5.558497567259230304e-02
5.014569842283700396e-02
4.562003842436405943e-02
4.316607466688795330e-02
4.232639077456421678e-02
4.266342377876337910e-02
4.352644049084969380e-02
4.440661656381927891e-02
4.530290487257762622e-02
4.589917995806042789e-02
7.395541111460353367e-02
4.143484676956470797e-02
4.875489140222664941e-02
4.925098474132202919e-02
4.974386344954224992e-02
5.062011266798593229e-02
5.029290759542606737e-02
4.969500679379917907e-02
4.866023739976402251e-02
4.690438990020679572e-02
4.532035486062555019e-02
4.411388277969065241e-02
4.344362539054615058e-02
4.385316718529910784e-02
4.429313315738475643e-02
4.480067499638034495e-02
4.537366320206628889e-02
4.597253963392734788e-02
4.616399448333267930e-02
4.639459445503130164e-02
4.656230204408165485e-02
4.670187668573504147e-02
4.685107368723858551e-02
4.702694761380718513e-02
4.718016895814076267e-02
4.730523904801845619e-02
4.759235367894332214e-02
4.795870226269161041e-02
4.829101543382736256e-02
4.856819107336093899e-02
4.877637416298127859e-02
4.891163182473960702e-02
4.898058940514182780e-02
4.899610552489311321e-02
4.897580663975999171e-02
4.893808877315938832e-02
4.889999049622904131e-02
4.887534937971758919e-02
4.887383184765575761e-02
4.890065550950551537e-02
4.895697320124219043e-02
4.904063134206525232e-02
4.914697159658129588e-02
4.927006496975484123e-02
4.940342962470312127e-02
4.954083164667859307e-02
4.967701162525490349e-02
4.980793873902467084e-02
4.993079218630834537e-02
5.004418057661638719e-02
5.014885291992053629e-02
5.024323708114136755e-02
5.033053118342571686e-02
5.041196558874800476e-02
5.048803201620191694e-02
5.056177430942480899e-02
5.063963200558634081e-02
5.071947559998966903e-02
5.080289324932031614e-02
5.092300665783333624e-02
5.099643405964877918e-02
5.108492428454664003e-02
5.116403609795455720e-02
5.119337547942870437e-02
5.116786251201461966e-02
5.130814701692714558e-02
5.145267074691108750e-02
5.163518798014142541e-02
5.296729031002862798e-02
5.256790831755971116e-02
5.258711323095578011e-02
5.220758261572526482e-02
5.048948537425911043e-02
4.575078700139095789e-02
4.973253791649594885e-02
4.977456747048466384e-02
5.141924690928829922e-02
5.370481236832324451e-02
5.696903852891505027e-02
9.475665199784667758e-02
6.699687669179332783e-02
4.933837359521994759e-02
5.101907532559393083e-02
4.956108629491299405e-02
5.308464687862926579e-02
5.408953466309934094e-02
5.580840060260069957e-02
5.576495199688776688e-02
5.565025913017421916e-02
5.546723433793994407e-02
5.547768327892392548e-02
5.548941542172464853e-02
5.550129950187110417e-02
5.551333563584699704e-02
5.552551072807207500e-02
5.553781125299779575e-02
5.555022425205933395e-02
5.556273742641150426e-02
5.557533912219805167e-02
3.223668512606526204e-01
-2.069074128318479366e-01
-7.188714264682345423e-01
-1.172547853766954251e+00
-1.468247428314064962e+00
-1.720957914059680238e+00
-1.983116196264144593e+00
-2.279168337794869714e+00
-2.453423109037724981e+00
-2.543825930405776425e+00
-2.613332443946084105e+00
-2.692302999188433521e+00
-2.661327747706850655e+00
-2.672953977619569876e+00
-2.687059280893228763e+00
-2.692323018868477025e+00
-2.693006524595599860e+00
-2.693000321711796374e+00
-2.745061900287903089e+00
-2.670876398779236105e+00
-2.674629966539918247e+00
-2.690765085783423327e+00
-2.700405716546772084e+00
-2.705833358740549865e+00
-2.710288254887040615e+00
-2.714853539778165903e+00
-2.719368931210832674e+00
-2.723390232209256023e+00
-2.726821695794709122e+00
-2.729685696550298690e+00
-2.732041649261011340e+00
-2.733991775253288736e+00
-2.735687021546406861e+00
-2.736349242536640247e+00
-2.735920081222659839e+00
-2.740829369603372090e+00
-2.742419528362834757e+00
-2.744128339318942178e+00
-2.745879357278780741e+00
-2.747640070753074593e+00
-2.749390239679076142e+00
-2.751105956763734817e+00
-2.752762488276603747e+00
-2.754343449089377671e+00
-2.755843170286630617e+00
-2.757262074422198062e+00
-2.758607091075299778e+00
-2.759889107195808045e+00
-2.761117511631628663e+00
-2.837492560277277143e+00
-2.689766003853824028e+00
-2.709580719580396035e+00
-2.698480339277304907e+00
-2.716271112620586514e+00
-2.738169796489724916e+00
-5.985996468070641896e+00
-8.441095248227126646e+00
-9.380519057140780603e+00
-1.015199307811126950e+01
-1.086710634961371191e+01
-1.156433688858995446e+01
-1.197816920911556693e+01
-1.262101781442583714e+01
-1.346864234832136376e+01
-1.426618647683417329e+01
-1.506872163166396383e+01
-1.579956317794716014e+01
-1.664407948407880866e+01
-1.757920875439779351e+01
-1.887455429487038927e+01
-1.947665341708851372e+01
-2.009264360711406283e+01
-2.080822905479312368e+01
-2.146952396020725828e+01
-2.213538307285765327e+01
-2.280209220814623094e+01
-2.336847742168474795e+01
-2.402457008901767566e+01
-2.467926291016292950e+01
-2.533862979137483507e+01
-2.629075040425953347e+01
-2.694367455357823360e+01
-2.759392323639154654e+01
-2.824436554992206894e+01
-2.889458594232452882e+01
-2.954556614684463511e+01
-3.019797174432741826e+01
-3.085493318047633693e+01
-3.151493720400448950e+01
-3.220291021179427560e+01
-3.291712510263993607e+01
-3.366497810927499756e+01
-3.444343370922535286e+01
-3.521042665852606035e+01
-3.581213606787023451e+01
-3.622439596304883480e+01
-3.641735592582714531e+01
-3.637699445861744607e+01
-3.615395448129914513e+01
-3.573431768634282690e+01
-3.549532559056998338e+01
-3.538193907023965323e+01
-3.530949528284392613e+01
-3.522915670874241556e+01
-3.514852813333838100e+01
-3.506955713728789448e+01
-3.499379941412237827e+01
-3.492272672688436330e+01
-3.485596449272600950e+01
-3.479413043565014618e+01
-3.473687888246826105e+01
-3.468370606428542402e+01
-3.463320574411076791e+01
-3.458371589386096900e+01
-3.453477519936749474e+01
-3.448834179860043747e+01
-3.444427203790480263e+01
-3.440119311525290868e+01
-3.435874958560304293e+01
-3.428188693689310895e+01
