1.519814369121630593e+00
-1.814341535833659813e-01
-1.679251965908475641e-01
-1.649268073452304084e-01
-1.660030272266324602e-01
-1.771920960675211210e-01
-1.735570898103633020e-01
-1.832401256958939018e-01
-1.867374846287149781e-01
-1.908630778450435550e-01
-1.903203303677206970e-01
-1.867431957023931166e-01
-1.817222639856151123e-01
-1.738073967631619809e-01
-1.672971416589377203e-01
-1.628641678197566278e-01
-1.602950303699046675e-01
-1.597763224066400811e-01
-1.592150838034522009e-01
-1.578642809697801408e-01
-1.568440252104598975e-01
-1.818006438507596412e-01
-1.477303086997821258e-01
-1.595022111736722481e-01
-1.649261443957321105e-01
-1.713142052135848969e-01
-1.733587356083299835e-01
-1.713290216225505924e-01
-1.658268529263445812e-01
-1.580174024461734605e-01
-1.518083119797955793e-01
-1.475461098993705311e-01
-1.478873865629219408e-01
-1.521011401826026510e-01
-1.629803863968749267e-01
-1.654172728246377233e-01
-1.684646846064929981e-01
-1.707689351077626982e-01
-1.731184817682042965e-01
-1.729354247032587055e-01
-1.743147607548506672e-01
-1.755749571731545500e-01
-1.768045961298788660e-01
-1.780735324033301259e-01
-1.792983404406620074e-01
-1.802286082033045800e-01
-1.808635754883690661e-01
-1.823054674045796741e-01
-1.839796186569779557e-01
-1.851863799709212999e-01
-1.859437229554578852e-01
-1.862752370609946362e-01
-1.862458200182379453e-01
-1.859404499590994186e-01
-1.854521230994114478e-01
-1.848697168407739955e-01
-1.842711696235430074e-01
-1.837179055295921071e-01
-1.832526329902348927e-01
-1.828994902867219496e-01
-1.826659580493223134e-01
-1.825459792842563933e-01
-1.825236566963097107e-01
-1.825770734378809323e-01
-1.826818516091898714e-01
-1.828140601893956940e-01
-1.829524660353269161e-01
-1.830800903486588249e-01
-1.831847641685444006e-01
-1.832592500927937573e-01
-1.833008997564922749e-01
-1.833110062558922504e-01
-1.832925735790087718e-01
-1.832522660652755320e-01
-1.831963823837091110e-01
-1.831312402878083889e-01
-1.830645749681120982e-01
-1.830015832947538279e-01
-1.829438148397083408e-01
-1.828933234766762506e-01
-1.828559071277219839e-01
-1.828026921502550473e-01
-1.827617659670277006e-01
-1.827242511882411213e-01
-1.826851534263507493e-01
-1.826870652985736476e-01
-1.827556375740068406e-01
-1.828165065425350899e-01
-1.828690952573596706e-01
-1.830586525371548090e-01
-1.825130044170674981e-01
-1.821053788832095455e-01
-1.816269958099070159e-01
-1.810991962751195283e-01
-1.812123980006817570e-01
-1.889292753427493088e-01
-1.860262571119931929e-01
-1.836679783191866311e-01
-1.812263179312616768e-01
-1.794043519301774803e-01
-1.933498707135172801e-01
-1.841195507938851172e-01
-1.581652227279856382e-01
-1.519175119717462719e-01
-1.513959470111501671e-01
-1.639225753465328728e-01
-1.637159926168509916e-01
-1.630360973183223594e-01
-1.629961797563836412e-01
-1.629898572047482341e-01
-1.630072426744406944e-01
-1.629918743180190088e-01
-1.629769301123933090e-01
-1.629627178904267948e-01
-1.629492091474454285e-01
-1.629363765141906284e-01
-1.629241937180093691e-01
-1.629126355375477841e-01
-1.629016777600514054e-01
-1.628912971405021837e-01
-1.715906290899312236e-01
3.908496578476698069e+00
4.755178462324642474e+00
5.348498277405698609e+00
5.547807969436864717e+00
5.583135372098935179e+00
5.279237793544072410e+00
4.693378242351357699e+00
4.333202750208173804e+00
4.274474418454793145e+00
4.298748036333687850e+00
4.418295468244421542e+00
4.580992249066597743e+00
4.678225040750906061e+00
4.744185896222219867e+00
4.778699118626871467e+00
4.777725719724072562e+00
4.747142564643064944e+00
4.740807535553554608e+00
4.685851206424669790e+00
4.629374909135293592e+00
4.579442998913483720e+00
4.536704036489073388e+00
4.500501200428118409e+00
4.472085338296048818e+00
4.449896395771088642e+00
4.431830049379415826e+00
4.416131065813718060e+00
4.400899315290606850e+00
4.384603174666406922e+00
4.366423234295433886e+00
4.346058840732563766e+00
4.323541950473083872e+00
4.298993303456244419e+00
4.272718632472183309e+00
4.247109107130149219e+00
4.220764889158251876e+00
4.194844541881667332e+00
4.169478128919973159e+00
4.144734751241783144e+00
4.120585953349520381e+00
4.096930409495498360e+00
4.073635579836534681e+00
4.050570091796162231e+00
4.027621894811950654e+00
4.004713709093995710e+00
3.981805362176119800e+00
3.958889133512411007e+00
3.935984442212859591e+00
3.937757236084871604e+00
3.915751601691833006e+00
3.878440795370725169e+00
3.834849432099636246e+00
3.797304422504206300e+00
3.764889233553282644e+00
3.956293742264604507e+00
4.070736894288688568e+00
3.778774248722030382e+00
3.512712111722745778e+00
3.388797857443259787e+00
3.234046207873650047e+00
2.946319398698471037e+00
2.811110537231628737e+00
2.659264082464483536e+00
2.480936036296675695e+00
2.325731650612757218e+00
2.160942347751970694e+00
2.036060275904838512e+00
1.963667732614748251e+00
1.919738411428308922e+00
1.860694645443346174e+00
1.815788887282775876e+00
1.722495455990359581e+00
1.678734690992732981e+00
1.633462482184042663e+00
1.585075440932945279e+00
1.692115934443771508e+00
1.605988348270485089e+00
1.601403881582209587e+00
1.595681819348226282e+00
1.655611251783008830e+00
1.684434754555517166e+00
1.697012323811892376e+00
1.731656348628928699e+00
1.758129939675030728e+00
1.782210238014243719e+00
1.806036773185203392e+00
1.828832155690672812e+00
1.861323589796903821e+00
2.004522279856784550e+00
2.201875411354582646e+00
2.451456820374668499e+00
2.754460828429937003e+00
2.868994632760224039e+00
2.432447960252805075e+00
1.699103103727329867e+00
7.619102453046096013e-01
-4.857628259728818954e-01
-2.047761209660037274e+00
-3.843421067031935312e+00
-2.556590642336778796e+00
-2.613022543199331249e+00
-2.630899658647364525e+00
-2.655256677041900382e+00
-2.673752254635725745e+00
-2.689521523304271078e+00
-2.699898136785744640e+00
-2.683072463923354523e+00
-2.666883917226591016e+00
-2.641581621550812109e+00
-2.616852302936962804e+00
-2.593500804144466265e+00
-2.563967563081790857e+00
-2.532174785140182127e+00
-2.495631399423035912e+00
-2.445040067766776293e+00
-2.394523188052550378e+00
-2.372729817480168091e+00
-2.370482205273981346e+00
-2.354987557211845939e+00
