2.132813119283430758e+00
4.742129990864371258e+00
4.712467924408145770e+00
4.727082534187269758e+00
4.714092045453297963e+00
4.704383826885130127e+00
4.701448784735977604e+00
4.688923817941130778e+00
4.672984146982800624e+00
4.673862029925843764e+00
4.671889436386564398e+00
4.671402700390729912e+00
4.676192890446018602e+00
4.675720722768549109e+00
4.671944528826530885e+00
4.670192421237618241e+00
4.670532417506427336e+00
4.676274985480504576e+00
4.669927550183875731e+00
4.669138778248738575e+00
4.667599350099748357e+00
4.746966233845776983e+00
4.638530897178058332e+00
4.676225894139085959e+00
4.674101417653056423e+00
4.684960096517690964e+00
4.703539431878883015e+00
4.700140243511718552e+00
4.701571551624212475e+00
4.700366232847874137e+00
4.695374876746461368e+00
4.695577215866456378e+00
4.695294130740187200e+00
4.698037200628403021e+00
4.696438053076476216e+00
4.698933000277902394e+00
4.698462290917571949e+00
4.698929696289887659e+00
4.698128950683829963e+00
4.698287006011777400e+00
4.698214944894728795e+00
4.698192119028106184e+00
4.698159923107268376e+00
4.698123485410492073e+00
4.698101030764762598e+00
4.698105110498123516e+00
4.698379249876079022e+00
4.698608640669140968e+00
4.698610894350561118e+00
4.698640005996961300e+00
4.698636225097846619e+00
4.698625686275827107e+00
4.698600729419367461e+00
4.698569624518469823e+00
4.698533461185809834e+00
4.698498098677778678e+00
4.698466116827812122e+00
4.698439959285673595e+00
4.698421043915355533e+00
4.698409785908265413e+00
4.698405760569496437e+00
4.698408025959667889e+00
4.698415454608978692e+00
4.698426069406918870e+00
4.698438862999508636e+00
4.698452383563008539e+00
4.698465248005354589e+00
4.698477407533061978e+00
4.698488616109116833e+00
4.698498069591929394e+00
4.698505801442840024e+00
4.698517070387625338e+00
4.698516494052538128e+00
4.698517923129594820e+00
4.698517150109989160e+00
4.698506343557699694e+00
4.698501276252473602e+00
4.698522896025143503e+00
4.698544347804884502e+00
4.698568638816491116e+00
4.698768695242173443e+00
4.698612134678111119e+00
4.698553190883995256e+00
4.698436268448686448e+00
4.698062571890853967e+00
4.697666477478159130e+00
4.698339694637374997e+00
4.698932972716530543e+00
4.699623491753129656e+00
4.706225482371704238e+00
4.700954640690533815e+00
4.698780110492839945e+00
4.694622245733826027e+00
4.684021495197545626e+00
4.666219337682106172e+00
4.690350558161716421e+00
4.710198908770701465e+00
4.732728416705842100e+00
4.757881873841637521e+00
4.784048295181666965e+00
5.008190779941813275e+00
4.807617245979312059e+00
4.733951735866910759e+00
4.709456132915375015e+00
4.700932017891163106e+00
4.699293701402472045e+00
4.698865323885796030e+00
4.698664469091762719e+00
4.698656588118367949e+00
4.698637146084268856e+00
4.698605653707636165e+00
4.698605842613721606e+00
4.698606156783795562e+00
4.698606444898234535e+00
4.698606708865844084e+00
4.698606949936627863e+00
4.698607169158953489e+00
4.698607367506169474e+00
4.698607545900967075e+00
4.698607705221873765e+00
5.318716008600667067e+00
2.683115856523671905e+00
1.998088479374086290e+00
1.614799564979161550e+00
1.219966623952363216e+00
1.294683124183302780e+00
1.568712830739782849e+00
2.093577348154706641e+00
2.483632781439191639e+00
2.789530483177811160e+00
2.976873348706094990e+00
3.161560900255740325e+00
3.200477884031839970e+00
3.268145565795739227e+00
3.358633481713187763e+00
3.460444736663939924e+00
3.566754819179455804e+00
3.673845643315488463e+00
3.929676757270992304e+00
3.983124518964788585e+00
4.036539703821601321e+00
4.104372581117390340e+00
4.176326918894469387e+00
4.247813489164925294e+00
4.318052426079832529e+00
4.386777285258115278e+00
4.453880449528978325e+00
4.518857159962607284e+00
4.581615442375898795e+00
4.642133841408286443e+00
4.700417297353308932e+00
4.756501353874346805e+00
4.810542760181469646e+00
4.861645213804271393e+00
4.909846166049312899e+00
4.962067216363657884e+00
5.008820721993393121e+00
5.054098863099778072e+00
5.098029639358488296e+00
5.140651020235849522e+00
5.182015158963333867e+00
5.222160359937022100e+00
5.261121242716836122e+00
5.298928136086774821e+00
5.335608513900006677e+00
5.371196337407059040e+00
5.405726777431096863e+00
5.439234680421106027e+00
5.471761518264036894e+00
5.496070854412261397e+00
5.509828806961726499e+00
5.581653963674066965e+00
5.601487486474043820e+00
5.633700572119593630e+00
5.663502637353662550e+00
6.031141750462731821e+00
6.405124397704746286e+00
5.730771367127578841e+00
5.001295155588381114e+00
4.441936465807614809e+00
3.842094807235488574e+00
2.761800862854145056e+00
2.031069402793949319e+00
1.458395359492785204e+00
8.219789360099893916e-01
2.124509183648096433e-01
-4.713333147068718421e-01
-1.029355465553499771e+00
-1.379382089580105442e+00
-1.529260730143422009e+00
-1.794584738947620384e+00
-2.080126962524380563e+00
-2.510470935587419739e+00
-2.774314167687313315e+00
-3.025887363998104984e+00
-3.284605258022804009e+00
-3.161905764732780622e+00
-3.459112131880455188e+00
-3.627410571152616114e+00
-3.763819634538479342e+00
-3.438230592328111790e+00
-3.579010948305948236e+00
-3.718746511780828712e+00
-3.770132524914472150e+00
-3.776575843803324783e+00
-3.747578041042438635e+00
-3.689581071460240835e+00
-3.604925204804973138e+00
-3.502536071113313110e+00
-3.386953975955517393e+00
-3.233311297177852595e+00
-3.031515667660604763e+00
-2.764180303406877481e+00
-2.473081946512339702e+00
-2.308012569557913007e+00
-2.347497499625017969e+00
-2.618005239244107329e+00
-3.122190151468942521e+00
-3.731808739683965204e+00
-4.324554864350643513e+00
-4.255946423820099689e+00
-4.624447844058231283e+00
-4.919417851945805609e+00
-5.218706177992066486e+00
-5.495867382299612913e+00
-5.759473480397021561e+00
-6.009446406883170333e+00
-6.238120861708319254e+00
-6.452304338492945490e+00
-6.649743746157579238e+00
-6.837068974749477057e+00
-7.022253801649762650e+00
-7.198997897064817408e+00
-7.368249271116240173e+00
-7.526785541118119482e+00
-7.666131934284440064e+00
-7.797558231591297684e+00
-7.934137489674296440e+00
-8.083032304740678242e+00
-8.198461535845435577e+00
