1.585695857494401562e+00
-2.296300131980026638e-02
-1.123496013091197440e-02
-1.188501734045139743e-02
-7.113100282901217014e-03
-1.781162747967996590e-02
-2.755370835213263175e-02
-3.275664102029970243e-02
-3.695987197403918095e-02
-3.608039946297894596e-02
-3.207811697579193017e-02
-2.599030612425411516e-02
-1.897754251607514098e-02
-1.219850614233308414e-02
-6.201220049076576479e-03
-1.496548183829077283e-03
1.876690592843850702e-03
3.891617367210522399e-03
4.803993988478704597e-03
4.740395117507453099e-03
4.057975582297205369e-03
-2.443040723630915748e-02
9.119223369387110395e-03
-2.587838480965661686e-03
-4.582646038625143997e-03
-8.327139586085077066e-03
-7.846004697632961988e-03
-6.575057598762829719e-03
1.539671696258390621e-05
9.911179316526434399e-03
1.602803591976202993e-02
1.906384725817760611e-02
1.715377525276182494e-02
1.169697445403755295e-02
4.138152933853341854e-03
-4.123410998766089026e-03
-1.208795751169315993e-02
-1.916993585098571151e-02
-2.487425076591614354e-02
-2.910932469687260715e-02
-3.179906330841621165e-02
-3.302723990747347127e-02
-3.303120430142359593e-02
-3.206799063439671332e-02
-3.046074978112300533e-02
-2.851894821235561803e-02
-2.650624699965110215e-02
-2.463970770054976084e-02
-2.306769208395439280e-02
-2.187671408626781083e-02
-2.109861268023831976e-02
-2.071825139993540427e-02
6.405937100122190975e-01
9.791947098821477402e-01
1.300626101335977891e+00
1.667268507645559117e+00
2.110774833024319452e+00
2.535945051236669467e+00
2.950848450761033082e+00
3.339849909585823173e+00
3.696297263948977729e+00
4.016438070002242178e+00
4.309928077220369858e+00
4.588466008789517936e+00
4.745387716268696821e+00
5.056226170273367515e+00
5.335024228123261381e+00
-1.510744351575272759e+01
1.828744226561784147e+00
5.199154040791945874e+00
5.512409471527564442e+00
-2.941430091587506013e+00
-5.903791460818771375e-01
-4.177107466170984496e-01
-5.400853837294111726e-01
-7.273481619662444109e-01
-9.429544441157766688e-01
-1.191393413279276059e+00
-1.447439513296165714e+00
-4.170344756615348425e-01
-1.350361009812740321e+00
-1.293919390815610582e+00
-1.219187039645650561e+00
-9.330576495990443586e-01
-5.925956397311218371e-01
-2.609882478571601827e-01
6.246786477854259639e-02
2.785733733708537496e-01
3.090703213850890529e-01
2.914400801972776844e-01
2.559391396106061034e-01
-3.954918674991465821e-02
-4.537399892016225761e-02
-5.510317680783075739e-02
-5.634559359787626870e-02
-5.893929469687583800e-02
-4.845493999340728941e-02
-3.036286874527095669e+00
-8.217964047672598582e+00
-1.172221921598345773e+01
-2.031768142425264490e+00
4.100235015145927697e-01
2.217960061400751082e-01
2.359673802483240601e-02
1.085856089182512668e-01
-2.370779709151430159e-01
-1.082372526918460864e-01
-8.331005568360083657e-02
-7.329945538760440638e-02
-7.287633962577999558e-02
-7.255816361375676260e-02
-7.234498189962093595e-02
-7.222680971243872206e-02
-7.216336247556061345e-02
-7.213760532755221500e-02
-7.214553027390256668e-02
-7.214527177506223354e-02
-7.214968215520893569e-02
-7.215401415763852966e-02
-7.215767165401414107e-02
1.271798791758016023e+00
1.141512765874063806e+00
1.255229967902950827e+00
1.644524351496831072e+00
2.308775869173059991e+00
2.380860531950101056e+00
2.602177782929171013e+00
2.913464039619141133e+00
3.160732147186858132e+00
3.397249684011849791e+00
3.672408331548281613e+00
3.871048470137080866e+00
4.556480676990767975e+00
5.308882481155992927e+00
5.756998239977849430e+00
6.338741809739040001e+00
7.002414166779449722e+00
7.744151925758032462e+00
8.476114673946096190e+00
8.848857499297446694e+00
9.483264986566465993e+00
1.051800491430264728e+01
1.093571914178302507e+01
1.130478046883271936e+01
1.163197166268676419e+01
1.193930650721000220e+01
1.223356446189144897e+01
1.251348647580300444e+01
1.277496765018458191e+01
1.299572580752271911e+01
1.322321477594081429e+01
1.343651552024728346e+01
1.361742654133795227e+01
1.376755885131540147e+01
1.389321877179417442e+01
1.400024437137460431e+01
1.409193122536373721e+01
1.417266426183137007e+01
1.423696155870181101e+01
1.427650794894468156e+01
1.430149792087436822e+01
1.431207739225276221e+01
1.431075600659416480e+01
1.429929221641295456e+01
1.427605989066134207e+01
1.424999064621780498e+01
1.422511593215033798e+01
1.425253596846205362e+01
1.429019085013241330e+01
1.419227280327588225e+01
1.435798501095614021e+01
1.448204813439126504e+01
1.454306711069674485e+01
1.460282930471972662e+01
1.468389945253225015e+01
1.443682855185520886e+01
1.408349663085050452e+01
1.362695402552824397e+01
1.310127082102958340e+01
1.249661708657578352e+01
1.183561520331591055e+01
1.120217318827832997e+01
1.031740177614217480e+01
9.628992688200334271e+00
8.750665018646143878e+00
8.256177601613030603e+00
7.713757376335247606e+00
7.161239697447099317e+00
6.689003258024855292e+00
6.147485331770474737e+00
5.760914930407599499e+00
5.290697354458322010e+00
4.833885729598379477e+00
4.410418444873090316e+00
4.038799529290588275e+00
3.685797849463119835e+00
3.101063107276190944e+00
2.794533529872168298e+00
2.442845597152325521e+00
2.118824582668216383e+00
1.092494901238556526e+00
5.776779023575844274e-01
1.659320227209776233e-01
-2.915261731918836752e-01
-7.843303691539952327e-01
-1.299754638584223354e+00
-1.827355915867317826e+00
-2.355168763055311754e+00
-2.872743913623097889e+00
-8.768045162240925006e-01
-1.813235461329374409e+00
-1.470612217862390381e+00
-2.355974223862974171e+00
-1.815682885208557140e+00
-1.936125720913178139e+00
-2.078242621216319641e+00
-2.193965804107401940e+00
-2.381025300176745851e+00
-2.077817531485978808e+00
-2.089512923488579421e+00
-1.909641709074478166e+00
-1.895163851448607994e+00
-1.953060126573847421e+00
-1.991262176067959633e+00
-2.027664488088308570e+00
-2.064269531244740552e+00
-2.100272763938662024e+00
-2.135088935238719010e+00
-2.168606766017491694e+00
-2.200768002339139162e+00
-2.231537439802345979e+00
-2.260893406050649812e+00
-2.288826244766207552e+00
-2.314109230420064112e+00
-2.332575651680615092e+00
-2.350352928210092340e+00
-2.370756237225005947e+00
-2.392892921448658949e+00
-2.413715019426393216e+00
-2.431245781459426603e+00
