1.658927630984706081e+00
1.690648311818098992e-01
1.865944275021793886e-01
1.863361891040896945e-01
1.810431308266912676e-01
1.681070798237969122e-01
1.508824120076887598e-01
1.538863675084733706e-01
1.367970429735272386e-01
1.298884017835945370e-01
1.292564113925723235e-01
1.332202616020682906e-01
1.412001829502269046e-01
1.502229146598419995e-01
1.593097704939945569e-01
1.677349953652509662e-01
1.747326603305171255e-01
1.793140283464012552e-01
1.822104935814422011e-01
1.837703096604551556e-01
1.839275839489047104e-01
1.572839676349493121e-01
1.884894771304370109e-01
1.783133967984612545e-01
1.755236120471045658e-01
1.721214310424442895e-01
1.698416495184292552e-01
1.699930518239179122e-01
1.696542023196439819e-01
1.684991892603317776e-01
1.673347024214929535e-01
1.664876636939674470e-01
1.659589079933328770e-01
1.657320965691089498e-01
1.657538290879098375e-01
1.659557669079881892e-01
1.662671282514660009e-01
1.666229872160869541e-01
1.669696751356424813e-01
1.672671654978593603e-01
1.674893793148298227e-01
1.676230406125922556e-01
1.676656998196889847e-01
1.676232734866481833e-01
1.675075029601144350e-01
1.673335507889569251e-01
1.671178712844089420e-01
1.668764828341616213e-01
1.666236922939746123e-01
1.663712709893631347e-01
1.661278534000677765e-01
1.658990377284319528e-01
1.656874465595093715e-01
1.654926541109134897e-01
1.653134239963293117e-01
1.651463504612081801e-01
1.649877873654745364e-01
1.648376711468531597e-01
1.646881128320201171e-01
1.645385292916019537e-01
1.643838577063979067e-01
1.641988027510976611e-01
1.640051112959244328e-01
1.637769908041938616e-01
1.635269055009531125e-01
1.633698376693638044e-01
1.631885597025400647e-01
1.631260453246466402e-01
1.631118316690091941e-01
1.626291448034138387e-01
1.620622676583411137e-01
1.608172185965019985e-01
1.591631573917292042e-01
1.589490713016577517e-01
1.606696504052305685e-01
1.651229090684276923e-01
1.722593894152843752e-01
1.802037408875970803e-01
1.853473219495224145e-01
1.904776388868277548e-01
1.920361650265093312e-01
1.910303823037865500e-01
1.892141912243063828e-01
1.834039666113192746e-01
1.726403877037993306e-01
1.672697502298283179e-01
1.642350156897247060e-01
1.605622831416655405e-01
1.541822220728656101e-01
1.507413232014089277e-01
1.561859219563297707e-01
1.530275360639354598e-01
1.493976729333880704e-01
1.458770512323545876e-01
1.377593897907313514e-01
1.341939391617441024e-01
1.365387095995218847e-01
1.443706346474279700e-01
1.541735664202111278e-01
1.578205300313120230e-01
1.910049533064749339e-01
1.715190870098093900e-01
1.865268945504938991e-01
1.860449188094864259e-01
1.849507247239121910e-01
1.750617001118733862e-01
1.748047815040912611e-01
1.748872848706833627e-01
1.750329183115476306e-01
1.750234573326325260e-01
1.750152508520991801e-01
1.750093417720240685e-01
1.750039879060500403e-01
1.749987237056074840e-01
1.749934531018923767e-01
1.749881673140376848e-01
1.749828707654252635e-01
1.749775664772791062e-01
1.749722552222374439e-01
1.749669366097492407e-01
-9.456155425613313459e-02
-3.553717639901615488e+00
-3.556254148023229700e+00
-3.016901434828619610e+00
-2.044140298242824727e+00
-1.623286638116413216e-01
2.326995827455295540e+00
5.271626463023165066e+00
7.034456579776564134e+00
7.607398163036895866e+00
7.625827713462742352e+00
7.105007071917298411e+00
6.070929163887758051e+00
5.900249124279458357e+00
5.956156334484878911e+00
6.101941767084345436e+00
6.315821173925616705e+00
6.576146314664819137e+00
6.587466087052200159e+00
6.550709093469580857e+00
6.476943946725487677e+00
6.368100253976356484e+00
6.252393289682904864e+00
6.157104191094664891e+00
6.071654324569751182e+00
6.000699431548465412e+00
5.946677699044236043e+00
5.904555897685508370e+00
5.873765680884075024e+00
5.853918419692355712e+00
5.842286753143143940e+00
5.835809602633780457e+00
5.832619454683533711e+00
5.829343190887426474e+00
5.823677486920441737e+00
5.814052263500105511e+00
5.799560437333587615e+00
5.779835212309869519e+00
5.755372218014605856e+00
5.727033964238577468e+00
5.695753503347926738e+00
5.662594137481251622e+00
5.655924691795886972e+00
5.612913239396217335e+00
5.574136228095953882e+00
5.544806804275753009e+00
5.518002181658918204e+00
5.491651032951759603e+00
5.466071330590812849e+00
5.501265012638159924e+00
5.485933430093840713e+00
5.446315456496595431e+00
5.380589092908891757e+00
5.838106757722434814e+00
5.984825249421170668e+00
6.030000281680819363e+00
5.715823256465073499e+00
5.478895195031746823e+00
5.378639504695251539e+00
5.241206172720204393e+00
5.094373637615517758e+00
4.973722785667711754e+00
4.621361068763835789e+00
4.488447483815265926e+00
4.588186483870101640e+00
4.292437079487937623e+00
4.234358465158900131e+00
4.023406723337015656e+00
3.932797335855303000e+00
3.851542610987037207e+00
3.812954925851107735e+00
3.727491231930451843e+00
3.674468808707847423e+00
3.600631750567695022e+00
3.494485699928142175e+00
3.516757237994193375e+00
3.365899183243231896e+00
3.300471438221416420e+00
3.360328835638280776e+00
3.264688779157752130e+00
3.234628722278031443e+00
3.204461132696708514e+00
3.224557815808370087e+00
3.207757950977497163e+00
3.155043040217506256e+00
3.103621026332795019e+00
3.048790469217502519e+00
2.990249412100018045e+00
2.943068299740781324e+00
3.024506604018551315e+00
3.165813900807452175e+00
3.375305980558838570e+00
3.653660060649928543e+00
3.733409362525245800e+00
3.203923030961906004e+00
2.368473250731771174e+00
1.194375143291405150e+00
-3.277521669502491131e-01
-2.134599668449264964e+00
-4.159300636813841656e+00
-2.221140582958873733e+00
-2.566622945389149368e+00
-2.550110682622051428e+00
-2.483804596842563939e+00
-2.442191327381204591e+00
-2.413484900170811187e+00
-2.390536722969565098e+00
-2.374242117602980429e+00
-2.365474618517206640e+00
-2.358265940228086777e+00
-2.361744493104323883e+00
-2.360841573872350274e+00
-2.347547587512441858e+00
-2.330139883375617504e+00
-2.329452045707825825e+00
-2.335487009634386713e+00
-2.340496656395492092e+00
-2.344749135227761183e+00
-2.348303465430382708e+00
-2.349975300569821179e+00
