1.154138812387645041e-01
5.595368730338429186e-02
3.902896378268733146e-02
4.918203339059133705e-02
5.738079133414493438e-02
6.394832247257511981e-02
6.370883968268201136e-02
5.398047312604285081e-02
5.377418435785763506e-02
4.829963339809643236e-02
4.087358116764910898e-02
3.450837392634709816e-02
2.892845089050087928e-02
2.567596741031844682e-02
2.420065809219420702e-02
2.408461893715544561e-02
2.439618666888402829e-02
2.493164053307295527e-02
2.538977106413253804e-02
2.584328058290606689e-02
2.618454993003076561e-02
5.809828626271539009e-02
2.127583462687043445e-02
2.997207428758204978e-02
3.029910312098134731e-02
3.057775802394716025e-02
3.029514663807833172e-02
2.975097571166153768e-02
2.906358491212545150e-02
2.857859362394835762e-02
2.839818646844384509e-02
2.843390829477068782e-02
2.863265740974328677e-02
2.891322697636138431e-02
2.921030189151067880e-02
2.947968008439752832e-02
2.970061027419300392e-02
2.987157336556443138e-02
3.000360385709867003e-02
3.011336114121449664e-02
3.021769705343333931e-02
3.033019567900323288e-02
3.045961519739402365e-02
3.060985266060643750e-02
3.078080831120849625e-02
3.096966130899620959e-02
3.117214587767695375e-02
3.138359657067528452e-02
3.159969908226588353e-02
3.181691427556905538e-02
3.203258018277897745e-02
3.224504484935461490e-02
3.245346350842769068e-02
3.265753217201789599e-02
3.285803581948740226e-02
3.305558587309122970e-02
3.325113845865700080e-02
3.344683227462126596e-02
3.364098184857521046e-02
3.383510201982256604e-02
3.402970423050871718e-02
3.421897566527233592e-02
3.441824045361856210e-02
3.462591334185886882e-02
3.484491849301871169e-02
3.510970241354796628e-02
3.535197483705915245e-02
3.556600760451678056e-02
3.573743299832973092e-02
3.570907382526911089e-02
3.571321470992787350e-02
3.594271469583857487e-02
3.644951677148423885e-02
3.779785385633892270e-02
3.989221573024388789e-02
4.045021322791229890e-02
3.945200037805610127e-02
3.653878699521949380e-02
3.088829734167810107e-02
2.578936908319672677e-02
2.165925850803528119e-02
1.914387231196229555e-02
1.874764336145398266e-02
2.010122977507724368e-02
2.385835751636770224e-02
2.662822295017398463e-02
2.838914343970190199e-02
3.046101209720248823e-02
3.320910866874385303e-02
3.483767660148073125e-02
3.451147515294066687e-02
3.604592893260824549e-02
3.794502270150698631e-02
3.951795154432503898e-02
3.615467374851759341e-02
3.343540684463813806e-02
2.811022521976730415e-02
2.848598588837958356e-02
1.927153381391844694e-02
1.961783999474220677e-02
3.891254107366591553e-02
4.660427094226912703e-02
4.068350538247848813e-02
4.057277760431268754e-02
3.857909809993880640e-02
4.012422433710277625e-02
4.059436479760185346e-02
4.090031151136790111e-02
4.138545781609178492e-02
4.135903624572917492e-02
4.131240467124404347e-02
4.126663457924282380e-02
4.122218697419063188e-02
4.117916623996985270e-02
4.113755614610005440e-02
4.109730985350952548e-02
4.105837613428815758e-02
4.102070541223518108e-02
4.098425054130775541e-02
4.094896657916636401e-02
3.915949072489708915e-01
-2.223871473863224535e-02
-3.416127416503197955e-01
-4.894538896499869840e-01
-4.716462000553240941e-01
-4.328676214776439601e-01
-3.634737817574369423e-01
-2.692373041270061940e-01
-2.097227567131483561e-02
2.058268941490828952e-01
3.006680765049020154e-01
3.256152253094258819e-01
3.256653645722292212e-01
2.996860999996791008e-01
2.955227569817412414e-01
3.045557913218155943e-01
3.164328381022367132e-01
2.346072327618548004e-01
3.334778003439221039e-01
3.673426711754074758e-01
3.484577727737793174e-01
3.267033750723926100e-01
3.146691108966240824e-01
3.090039525771262618e-01
3.043477548257672027e-01
2.986194561412300330e-01
2.926404858814087850e-01
2.878381597789805291e-01
2.847523057111546740e-01
2.834204878431857977e-01
2.836127811841251400e-01
2.849953990070890342e-01
2.871838075502501364e-01
2.898182580684033893e-01
2.925210641111087861e-01
2.949695707238466635e-01
2.969299870280345255e-01
2.982691194160920767e-01
2.989705093053507401e-01
2.990824314372140247e-01
2.986781560977644912e-01
2.978551976030380799e-01
2.599815140588835893e-01
3.566196161547748877e-01
3.448259788439130280e-01
3.027807769451680842e-01
2.826987535314061661e-01
2.833773042707028456e-01
2.890768819460592942e-01
4.859968435258206487e-02
7.478239533631297897e-02
1.318389526942095324e-01
2.425687871104812987e-01
-4.211375595645451497e+00
-5.946655344552960187e+00
-7.125597416350784030e+00
-7.844105460624748005e+00
-8.501917441830570965e+00
-9.150747904640912367e+00
-9.831546002840196863e+00
-1.053906016866786821e+01
-1.125557391181484945e+01
-1.180531157372385742e+01
-1.217740128710627445e+01
-1.305276890891726183e+01
-1.373592666038104326e+01
-1.451408042549566879e+01
-1.509064483712069915e+01
-1.576944710108827508e+01
-1.655919745875145210e+01
-1.751483552188708259e+01
-1.844702627096508252e+01
-1.899857183960535423e+01
-1.957778001250851574e+01
-2.024899302418594971e+01
-2.078481093100812416e+01
-2.148783035832917321e+01
-2.210799651799235477e+01
-2.264217255681572993e+01
-2.325561893272803360e+01
-2.387183873177333737e+01
-2.448975696227853405e+01
-2.539889033648842798e+01
-2.600909543242146782e+01
-2.661226546204312982e+01
-2.721454180668377631e+01
-2.781726371630987060e+01
-2.842041299444224833e+01
-2.902640937121205411e+01
-2.966217581508621848e+01
-3.032811672122706526e+01
-3.102646125799901000e+01
-3.175696790158133709e+01
-3.246816768362280925e+01
-3.303540280025172393e+01
-3.344902863681088689e+01
-3.368237229121515242e+01
-3.372662916341723616e+01
-3.361848497769452848e+01
-3.333373029451338709e+01
-3.312971218389429851e+01
-3.306802274899218475e+01
-3.302629734850381027e+01
-3.298301850553367842e+01
-3.293682203404726039e+01
-3.288999472551041237e+01
-3.284344851192754078e+01
-3.279797475247658411e+01
-3.275433433637019220e+01
-3.271272689901864084e+01
-3.267367631107956782e+01
-3.263717072916497841e+01
-3.260206278565311067e+01
-3.256669444722456319e+01
-3.253092609728513196e+01
-3.249540529573450698e+01
-3.246057562023537457e+01
-3.242639222066161153e+01
-3.239280828544019641e+01
-3.235988113306301273e+01
