2.152239015988108850e+00
4.708770130650099084e+00
4.703118455895762828e+00
4.702861445216520053e+00
4.695976124924170492e+00
4.690537239800472769e+00
4.681446850853544284e+00
4.670831786646433059e+00
4.672382039466074666e+00
4.671152142173494504e+00
4.670990389894157602e+00
4.671532560887341035e+00
4.669987057215045034e+00
4.668791203340166618e+00
4.667462181078580130e+00
4.673237620332493236e+00
4.671884517535668913e+00
4.669509872643313741e+00
4.664531963608548715e+00
4.664334852028841460e+00
4.664350942570681724e+00
4.757754297205759819e+00
4.637472437054674046e+00
4.674874002970532239e+00
4.663879310874162520e+00
4.666892059813870119e+00
4.666972379267380511e+00
4.670790924849554493e+00
4.666576282993818658e+00
4.665220334829780491e+00
4.665686812138996054e+00
4.665717958210917615e+00
4.665812218991488791e+00
4.665852407059737139e+00
4.665866854836056454e+00
4.665861841463744497e+00
4.665843604665013800e+00
4.665820215235662261e+00
4.665797072184424188e+00
4.665778721425771991e+00
4.665767944992659899e+00
4.665766221507367639e+00
4.665773813637123624e+00
4.665790084717714947e+00
4.665813752965044081e+00
4.665843203041866616e+00
4.665876669166599378e+00
4.665912434060946801e+00
4.665949015969522051e+00
4.665985186528690321e+00
4.666019889607257554e+00
4.666052712169601158e+00
4.666083325062236220e+00
4.666111293551454153e+00
4.666138446285952313e+00
4.666163833549906492e+00
4.666188215499245118e+00
4.666216015627688840e+00
4.666235820704617510e+00
4.666257504535689549e+00
4.666278322762526187e+00
4.666273758170906838e+00
4.666317210715251740e+00
4.666348793020948627e+00
4.666390457711580453e+00
4.666575916705836491e+00
4.666517790072971295e+00
4.666513272014499947e+00
4.666456823345121130e+00
4.665729007806170614e+00
4.665977772239045862e+00
4.666247078318773944e+00
4.666740802633730034e+00
4.669644377620757680e+00
4.670850637516147152e+00
4.668882948051586546e+00
4.666469046281668476e+00
4.660316622608738690e+00
4.650982740142671545e+00
4.659709384298968970e+00
4.666708097614567841e+00
4.676391159063175706e+00
4.695569861662771238e+00
4.693767664462247247e+00
4.697136578735754853e+00
4.697126752664106952e+00
4.694586121894473330e+00
4.697523486060536158e+00
4.698096598916920108e+00
4.698757036209214810e+00
4.706088960572290425e+00
4.702215227006660392e+00
4.699758282939384912e+00
4.695679687667234425e+00
4.658036220908315705e+00
4.687998342752877967e+00
4.700338693629041664e+00
4.726179360425350140e+00
4.746082681686782045e+00
4.776751120660284400e+00
4.997480545312170008e+00
4.798233454733574987e+00
4.730918824930891553e+00
4.708351420753388084e+00
4.700173099019548495e+00
4.699271979877212679e+00
4.698381293659824820e+00
4.698204010150029752e+00
4.698213370683657075e+00
4.698285675041785403e+00
4.698309894803323949e+00
4.698317081879790358e+00
4.698319121542614774e+00
4.698319855939740997e+00
4.698320346720810115e+00
4.698320825702828607e+00
4.698321319097299664e+00
4.698321817730569450e+00
4.698322313262980998e+00
4.698322801765482559e+00
5.248059387433891665e+00
-9.636961472773436510e-01
-2.458365772100149726e+00
-3.116406870594742085e+00
-3.366132335279564902e+00
-2.692494055141032572e+00
-1.371661944981234837e+00
5.695938932787079079e-01
1.889898826494462281e+00
2.590847488313700708e+00
2.795882367336026242e+00
2.615082529413293777e+00
2.110340551506665552e+00
1.988075747344556277e+00
1.960511924928006522e+00
2.029390505990241067e+00
2.168366041747159745e+00
2.473381362835408659e+00
2.535572912703337067e+00
2.608589036246948822e+00
2.698617000928020371e+00
2.780191232653435041e+00
2.861320849480497586e+00
2.948572197769116610e+00
3.035055998847610237e+00
3.120114739798699244e+00
3.203280534856280948e+00
3.281383509688048594e+00
3.354747001940211693e+00
3.424159138958489557e+00
3.490302419006400925e+00
3.553790379871461624e+00
3.615822240896121365e+00
3.676581606955662274e+00
3.736454551864570650e+00
3.795676729419009021e+00
3.854361531693949239e+00
3.912463565801605370e+00
3.970035571250792650e+00
4.027006090233776980e+00
4.083300273855647866e+00
4.138856529119570027e+00
4.317748165750157519e+00
4.355529232532095563e+00
4.378549395327350879e+00
4.424168663414418390e+00
4.474646999429401362e+00
4.522985664777922743e+00
4.569683534706364014e+00
4.630422542627129268e+00
4.661370887431418808e+00
4.760701114868034267e+00
4.791592271492862487e+00
5.397637770417753167e+00
5.803450438857770344e+00
6.038283216169145540e+00
5.770426467849707919e+00
5.282865060891333009e+00
4.826539107381229599e+00
4.363043371964655748e+00
3.896162420602544696e+00
3.439651800179674090e+00
2.658634533813134304e+00
1.847191353191905749e+00
1.669993653878227846e+00
1.094308162626521863e+00
7.598439291318993538e-01
2.277115453102492304e-01
-1.829386960534058748e-01
-4.872938452255937136e-01
-6.320956327629346783e-01
-7.718663495816061593e-01
-9.694022298487873224e-01
-1.217042638154182121e+00
-1.560395102367635234e+00
-1.559164030522608435e+00
-1.944492443613949684e+00
-2.120851015522272398e+00
-2.040729145035911074e+00
-2.248541031353787023e+00
-2.381073234548721995e+00
-2.474026493727787823e+00
-2.190429001883016369e+00
-2.331847534022958524e+00
-2.431798368494047402e+00
-2.475255446787218094e+00
-2.489569583502062589e+00
-2.481363183791138738e+00
-2.458781283815757668e+00
-2.444461665192708910e+00
-2.412842428730273880e+00
-2.351895111898112845e+00
-2.260575266403107353e+00
-2.108233824968717141e+00
-1.903127821678258558e+00
-1.768735537502399868e+00
-1.734634446826115894e+00
-1.787275779031725520e+00
-1.931366103141010981e+00
-1.987454609918263282e+00
-2.100856997739134258e+00
-2.352874220412357609e+00
-2.545438168619498676e+00
-2.699076077751451752e+00
-2.856691625252147482e+00
-3.014059818677345959e+00
-3.169216494403888085e+00
-3.320880395230508597e+00
-3.468255929720024167e+00
-3.610370569243807726e+00
-3.750818261077079718e+00
-3.888697260066820593e+00
-4.019982294828250424e+00
-4.143504972101213824e+00
-4.265954835198173534e+00
-4.387912746315280721e+00
-4.506571354142134389e+00
-4.622492326415107655e+00
-4.735908335789087431e+00
-4.846302550935479125e+00
