2.175713292333688820e+00
4.750289304433217730e+00
4.717676658120637967e+00
4.737462845350867369e+00
4.724868647188822379e+00
4.722152842000199691e+00
4.710181278343463340e+00
4.705827545171853643e+00
4.699801412671965828e+00
4.680659661763901802e+00
4.681906034471882805e+00
4.678664281212112641e+00
4.678354220537880082e+00
4.677709075303950748e+00
4.677885417603289575e+00
4.679241177509909200e+00
4.678144034783739080e+00
4.677761110378428455e+00
4.677297615343388060e+00
4.676937200145694362e+00
4.676412876969819443e+00
4.743128963671864540e+00
4.657195387066152215e+00
4.683661804640847137e+00
4.675739059251550422e+00
4.677769135280258617e+00
4.677099975081716821e+00
4.677298553804305925e+00
4.677343119778180736e+00
4.684102205931700347e+00
4.680769302277184352e+00
4.680183060472181467e+00
4.681110482422107033e+00
4.681423329985242354e+00
4.681703401657011376e+00
4.681965419914433824e+00
4.678420884408143188e+00
4.667061231916922459e+00
4.673029569895288837e+00
4.676557382529881401e+00
4.681926997849738648e+00
4.687321570577402952e+00
4.698063169671988781e+00
4.700801079098915203e+00
4.702513470989736710e+00
4.702980776640128369e+00
4.703363682780881128e+00
4.703212657184620227e+00
4.703416524336621052e+00
4.702973910408185354e+00
4.702557418103915587e+00
4.701918509592324824e+00
4.701284607301804641e+00
4.699902399043892842e+00
4.699228189337483208e+00
4.699262273449263283e+00
4.701733233258043043e+00
4.700011290398881769e+00
4.700997363742949631e+00
4.701380650655093696e+00
4.701423108714516630e+00
4.700600684160422205e+00
4.700952118067803553e+00
4.700914156037179659e+00
4.700916320399420201e+00
4.700866971635063507e+00
4.700931518003253373e+00
4.701271835366410023e+00
4.701485926484836320e+00
4.701490901454976168e+00
4.701523561811407070e+00
4.701545614959394825e+00
4.701543347044851551e+00
4.701527172621029926e+00
4.701498983554907696e+00
4.701505211125794226e+00
4.701487970334563116e+00
4.701368618127563792e+00
4.701258646504284933e+00
4.701148507436945678e+00
4.701040296546760366e+00
4.700235219530568997e+00
4.700874856250311318e+00
4.701133834212363638e+00
4.701636051036142128e+00
4.702130940813633586e+00
4.703666825180666144e+00
4.705487776735029826e+00
4.702822613844839239e+00
4.700522036978853180e+00
4.698103203697675312e+00
4.696410974897998081e+00
4.669628812939445872e+00
4.690843490820339134e+00
4.696792322683977616e+00
4.714088910352630890e+00
4.729803025087574220e+00
4.747974397329062235e+00
4.765792803207623329e+00
4.785078455090957306e+00
4.960110429162722490e+00
4.801129585078810713e+00
4.737089469220982174e+00
4.711484809407444629e+00
4.702585568793116622e+00
4.699867956988835083e+00
4.700095456229692381e+00
4.701988465106596848e+00
4.701247159150430122e+00
4.701247063778650315e+00
4.701346963564845716e+00
4.701408618398215111e+00
4.701437243440719449e+00
4.701447225421235387e+00
4.701446452298212009e+00
4.701426660406294644e+00
4.701363958309265456e+00
4.701363758536433402e+00
4.701363538979999035e+00
4.701363326160453937e+00
5.264014309282582182e+00
9.611923530016618367e-01
-2.909492122855903973e-01
-9.936954667893799220e-01
-1.254906890092004401e+00
-1.061639089987231444e+00
-7.339498696438914171e-01
1.203457126341717365e-01
5.170508452168018909e-01
8.102036736639447456e-01
9.751483599263180979e-01
1.051865133328886204e+00
1.193392154132954630e+00
1.275114075431130090e+00
1.374641087536171646e+00
1.489810216084669570e+00
1.616460288581839544e+00
1.779807577210045011e+00
2.270818887871931757e+00
2.217220724371654406e+00
2.275609603869536368e+00
2.362709155496864000e+00
2.457678948104992767e+00
2.557371693886639541e+00
2.656340552427051804e+00
2.754211266670003155e+00
2.850122272644707522e+00
2.944241865807043279e+00
3.036460263087693345e+00
3.126693563699834311e+00
3.214881218319709077e+00
3.301013730746435559e+00
3.385003564216791272e+00
3.466842555164382222e+00
3.546556271973367203e+00
3.624180136835719157e+00
3.699793584576978489e+00
3.773478914281358954e+00
3.845319360761179528e+00
3.915392196931992252e+00
3.983766142837663171e+00
4.050495143485698613e+00
4.115624077776502077e+00
4.179189158724059716e+00
4.241220041143126451e+00
4.301743577607402003e+00
4.360785298059727033e+00
4.418371222810952403e+00
4.474528895045622789e+00
4.528971165174185742e+00
4.579331525599820374e+00
4.658990925616657286e+00
4.702357341401564916e+00
4.753953381507737497e+00
4.803658321753112581e+00
5.103827485268468855e+00
4.728892964603293336e+00
3.853156849152842511e+00
3.121516397174898483e+00
2.453306023216240472e+00
1.657155323240379285e+00
5.038854963379851837e-01
-5.991351133408221452e-01
-1.049754139866221792e+00
-1.786873709283168576e+00
-2.522041040068135231e+00
-3.208269991650360975e+00
-3.735931222141940289e+00
-4.087105821276082906e+00
-4.413957229438105756e+00
-4.771219043681783845e+00
-5.171626911349492595e+00
-5.496324929326193320e+00
-5.799250975411474052e+00
-6.348630106992204425e+00
-6.386393014960205505e+00
-6.706425317955206467e+00
-6.954270271538891990e+00
-7.140044568215032861e+00
-6.677519649823121739e+00
-7.006153820180626823e+00
-7.223608458460650361e+00
-7.334042099658256930e+00
-7.398331352519058157e+00
-7.416929672248216754e+00
-7.381778472383895284e+00
-7.309292934218752258e+00
-7.211302169504081760e+00
-7.072527340044904243e+00
-6.846530678397320990e+00
-6.552945258719242716e+00
-6.308755867641384185e+00
-6.110605269222784131e+00
-5.794527428803090352e+00
-5.399529856099055891e+00
-5.202688340915754495e+00
-5.617405032079990868e+00
-6.126794618251453883e+00
-6.281109340964931675e+00
-6.366895875217755574e+00
-6.495368888035736532e+00
-6.926304468411094817e+00
-7.064341793905070332e+00
-7.214266878219402379e+00
-7.413566423661053228e+00
-7.561130017605386833e+00
-7.702008708964272365e+00
-7.839882191180410409e+00
-7.974826167456962267e+00
-8.100700427697914208e+00
-8.218619793069839474e+00
-8.333800810734942388e+00
-8.446804728795786588e+00
-8.557483542769617202e+00
-8.665684230009784272e+00
-8.771348862297866589e+00
-8.874824437917824937e+00
-8.986249918802379000e+00
-9.096868543952135511e+00
-9.203614620370920818e+00
