7.218525207658578469e-02
6.246237112971236155e-02
5.503524971969440266e-02
5.292365542794090494e-02
5.355914576579754588e-02
5.657924769234486811e-02
6.260981876879548325e-02
6.912045247354391131e-02
7.405450111543208924e-02
7.813975447889182080e-02
8.072627068747664780e-02
8.198021088903655051e-02
8.213793824848072966e-02
8.158639802112149786e-02
8.072963714848617467e-02
7.980707691172873874e-02
7.905381699621952252e-02
7.853625400139943591e-02
7.823639655325118070e-02
7.813481708383564206e-02
7.812454027361351305e-02
3.852490425089340198e-02
8.625485392446426147e-02
7.384461258242611126e-02
7.463695308790233018e-02
7.387144885861746113e-02
7.351695317685341680e-02
7.461131611684194975e-02
7.530428037619106563e-02
7.724036769541783864e-02
7.951101334697138756e-02
8.084871769438282951e-02
8.162696125029392236e-02
8.162863889604607404e-02
8.104393116581393164e-02
8.012490933208055166e-02
7.901485810203109916e-02
7.790259242616728863e-02
7.687494389626535474e-02
7.602647861478784019e-02
7.539610749501192422e-02
7.499364973575849136e-02
7.481493158014633493e-02
7.482203378905671887e-02
7.497292058375459867e-02
7.521811596281077761e-02
7.550646577522437952e-02
7.579492698405357332e-02
7.604697647024601104e-02
7.623631426567055447e-02
7.634746529117200642e-02
7.637423047108068963e-02
-4.252208515128142352e+00
-6.682674718135880987e+00
-8.396878155461422466e+00
-9.900894265166055419e+00
-1.138174087970807413e+01
-1.288849777490084136e+01
-1.444017836305758529e+01
-1.601444969172358412e+01
-1.760995482388227984e+01
-1.919590378770057271e+01
-2.078926777564931783e+01
-2.238903503957920904e+01
-2.359082217671964443e+01
-2.524975022107397749e+01
-2.689714104250129267e+01
-3.237960239130010365e+01
-3.000114479499604059e+01
-3.171170195421257176e+01
-3.308998348867938688e+01
-4.255605550728688513e+01
-2.178032498089671876e+01
-1.798670182965513575e+01
-1.762924502522326620e+01
-1.768044008648117327e+01
-1.707954475400194738e+01
-1.603527353207649853e+01
-1.033831443705532216e+01
-1.185780331314385094e+01
-1.166116246165870329e+01
-1.144448315540917704e+01
-1.084667606881908242e+01
-1.020323485391061524e+01
-9.854732534594546678e+00
-9.823876454049360163e+00
-1.013196479968441999e+01
-1.077407214858888906e+01
-1.089950504866748560e+01
-1.109320609866970386e+01
-1.136471711165505916e+01
-2.210854096017798476e+00
5.544689338385203753e-02
6.091489410551486489e-02
7.005400410695925006e-02
9.024944207913414285e-02
1.002607906925214454e-01
-3.068195262324776795e+00
-8.961464556182514585e+00
-1.229941910469973010e+01
-1.146994814627628934e+01
4.187243589665850529e-01
9.129282762432607001e-02
-1.173083763336665586e-01
-1.021920557565579590e-01
-2.486785527262399403e-02
-4.194249484319785559e-02
-3.936770203300485327e-02
-3.836459095905905142e-02
-3.797590129052889896e-02
-3.771951183322583279e-02
-3.754147387820743614e-02
-3.736764657332442008e-02
-3.728693900268693212e-02
-3.724993865911907509e-02
-3.715757681835788612e-02
-3.716703074510339239e-02
-3.714371869766915080e-02
-3.711640940901070329e-02
-3.708739600319582025e-02
1.191182012539824875e+01
1.031162454586043431e+01
9.503259246068621380e+00
8.973212024182842583e+00
8.571379061465632887e+00
8.273049048592040933e+00
8.050501175025765122e+00
7.912459732157059555e+00
7.854185985172856377e+00
7.672047116724687754e+00
7.659423755126516298e+00
7.697034102976930470e+00
7.816606364174439214e+00
8.275055116949552314e+00
8.763861488312114645e+00
9.311525807464482440e+00
9.812952974463849287e+00
1.027045321139391021e+01
1.059112210652768304e+01
1.090252709908256712e+01
1.104270265645991778e+01
1.112478632862810102e+01
1.105782045298776772e+01
1.091622343603033407e+01
1.073398554909845792e+01
1.054927689063210394e+01
1.038024604858325262e+01
1.023274254864523058e+01
1.009936114321744149e+01
9.989312020657747482e+00
9.901947756991233973e+00
9.820285670243253051e+00
9.734389148001922010e+00
9.640104080502315043e+00
9.540910917924801282e+00
9.442249683493868062e+00
9.344574521739433592e+00
9.253538941101231430e+00
9.177640789767574248e+00
9.120540268986088606e+00
9.063281905763988178e+00
9.006827580290240221e+00
8.952833863487510868e+00
8.902573513173361874e+00
8.848698761213915631e+00
8.819448364454180123e+00
8.790387056601231208e+00
8.764224582174190203e+00
8.734645229190132198e+00
8.634377603596337991e+00
8.686642833765420235e+00
8.735091883336789209e+00
8.691702402188479226e+00
8.623410995105672328e+00
8.537036231012132603e+00
8.467969653324448842e+00
8.414555375541397098e+00
8.440829868586877893e+00
8.512092807362499514e+00
8.627684215266784307e+00
8.777218153897264230e+00
9.040775001022110402e+00
9.325093656565767830e+00
9.591055253835184757e+00
9.759476624815217605e+00
9.896249560155780500e+00
1.006315271059005134e+01
1.019340247036699232e+01
1.119160065982840635e+01
1.135034956333162981e+01
1.145910795288514450e+01
1.157383113728192114e+01
1.168877700922284824e+01
1.180425878856359745e+01
1.191001984275829528e+01
1.200955029186952672e+01
1.254018759015080242e+01
1.241639960653926700e+01
1.248921564466393441e+01
1.258564123098552301e+01
1.236950421344650586e+01
1.233255806142705069e+01
1.236046385011103688e+01
1.238795398637733847e+01
1.240780554889489906e+01
1.242290985435749917e+01
1.243871706350038586e+01
1.247663755424709642e+01
1.248912364164611866e+01
1.412072985941865966e+01
1.227878239911396996e+01
1.417531806311684228e+01
1.224515046675150742e+01
1.382182668001013681e+01
1.358161439183916386e+01
1.342903693337372495e+01
1.330336683594927116e+01
1.324618500539247101e+01
1.319279504552819127e+01
1.316485442422852969e+01
1.311524809661550783e+01
1.304284762952979726e+01
1.295711348295776766e+01
1.285835684446321636e+01
1.275382961231916568e+01
1.265884713283477758e+01
1.257450690122799308e+01
1.249861169310831421e+01
1.243036971950818526e+01
1.236899225033234018e+01
1.231373814730325478e+01
1.226393771166685731e+01
1.221899248245050096e+01
1.217863755480203025e+01
1.214492747096503322e+01
1.211607046844352098e+01
1.208996572831154559e+01
1.206516522956323811e+01
1.204115143948339650e+01
1.201821005172530299e+01
