2.195025229885484208e+00
4.727150231482268872e+00
4.709338312255666459e+00
4.711549981355849681e+00
4.704619727256081241e+00
4.695752975860081335e+00
4.685045935624634339e+00
4.670292768055508859e+00
4.671174273098792185e+00
4.669532573886947979e+00
4.669984004238443731e+00
4.669710561137521587e+00
4.668365841789976045e+00
4.667277006408751205e+00
4.666056592489426613e+00
4.665510656192433991e+00
4.665094100958858014e+00
4.664894969851268947e+00
4.664962070801179195e+00
4.664871162839376417e+00
4.664923059466160815e+00
4.766982241569472478e+00
4.641528232011424393e+00
4.675880664698224720e+00
4.668638419652923588e+00
4.666325140205930033e+00
4.669268256741644585e+00
4.672964051538911257e+00
4.667601943770204542e+00
4.664802726365179453e+00
4.661146205482665117e+00
4.661211451973585440e+00
4.661002529354392188e+00
4.661637262331808529e+00
4.662337412092289135e+00
4.662869040738956805e+00
4.663401258655418324e+00
4.663782896216499552e+00
4.664170224897395300e+00
4.664427292958706062e+00
4.664590175152814489e+00
4.664660648115256159e+00
4.664616618491311151e+00
4.664514966220489001e+00
4.664366143524124375e+00
4.664197055747177245e+00
4.664035102765981655e+00
4.663890073719540119e+00
4.663775190020395200e+00
4.663695631185190926e+00
4.663651567934551601e+00
4.663641481019947577e+00
9.064710007426473481e+00
1.155152920541207884e+01
1.328859221248328915e+01
1.478641929345717365e+01
1.624517197451732997e+01
1.773139144099685538e+01
1.926587165780436095e+01
2.082856889539744927e+01
2.242116869411976410e+01
2.401231118824310329e+01
2.561852830387847391e+01
2.723611640528842059e+01
2.845869225614070785e+01
3.013363936941786747e+01
3.180313453193279472e+01
2.721954833567381016e+01
3.485111410308526558e+01
3.616470920926197152e+01
3.705225323560944872e+01
-1.913376711201247860e+00
3.563153718956729499e+00
3.559212103074043121e+00
3.484538246241161374e+00
3.117609407606803718e+00
2.871001898553793730e+00
2.809517097133111818e+00
-4.962329888284358503e+00
9.258124332644573684e+00
9.657811054497791758e+00
9.442267300150561482e+00
9.203310181405578660e+00
8.974106089327968050e+00
8.843316546287363522e+00
8.793051402915024184e+00
8.817098138873188162e+00
8.974413900154964097e+00
8.892305449890185898e+00
8.821357949259885700e+00
8.795665691789791296e+00
2.226667801727278739e+00
4.662402418924885161e+00
4.660546143959726884e+00
4.667370039354659994e+00
4.659094584448968845e+00
4.690147144781756872e+00
4.180466543609519192e+00
1.169496707628913112e+00
7.473080922212873567e-01
-9.085069322024731164e+00
2.987731852552431455e+00
3.729264904196925912e+00
4.401434259944661420e+00
4.329234134710254089e+00
5.184668903823903996e+00
4.830603304117969010e+00
4.730830411637062305e+00
4.701728383371391651e+00
4.701830670702777049e+00
4.701760551270017352e+00
4.701628050700341177e+00
4.701472584173851388e+00
4.701298376094626974e+00
4.701201199284629872e+00
4.701090969024112276e+00
4.701060799547976288e+00
4.701058437568078396e+00
4.701057857629160175e+00
4.701057649968284124e+00
7.042635366686577081e-01
-4.490004839522542812e-01
-7.194729319335827489e-01
-7.530053123749057553e-01
-7.197211684099724671e-01
-6.066408011525512567e-01
-4.459871950355955850e-01
-2.238784365039876434e-01
8.938024922809442718e-02
2.387088770233294910e-01
5.283759115951167651e-01
8.241029120913417882e-01
1.158835307590452057e+00
4.001316670787729013e-01
-1.124076314861723436e+00
-2.128253211230070718e+00
-2.648561172756883408e+00
-2.757151125570322936e+00
-2.072923849446034694e+00
-1.179041893602134738e+00
-5.052081492036746280e-01
1.085457183285288008e-01
5.713024958131656117e-01
9.495912591063124797e-01
1.274308735143782956e+00
1.573223077839913664e+00
1.855734564926479591e+00
2.118222112113596456e+00
2.342948699156343739e+00
2.560043087433517162e+00
2.751569534733700806e+00
2.902192477141494642e+00
3.029582403378185962e+00
3.133067815873293416e+00
3.218172816036780848e+00
3.290965597548181076e+00
3.346762663042904151e+00
3.398798995120856148e+00
3.431650375606084324e+00
3.419484695413217423e+00
3.405084845739613453e+00
3.388613944135942191e+00
3.372649734187751935e+00
3.359120802353510182e+00
3.362657872627986322e+00
3.335859000475637881e+00
3.318297440745008320e+00
3.304864629914347596e+00
3.288575084085048950e+00
3.218549778943561090e+00
3.285305635537287827e+00
3.355692306767959820e+00
3.321502915642373654e+00
3.262019725334767806e+00
3.576669805664907997e+00
3.438826878422183597e+00
4.057907928638792683e+00
3.798295671115513805e+00
3.861935712794336339e+00
3.851615203002273446e+00
3.883534248436588676e+00
3.575977526574428911e+00
2.325306320321711695e+00
1.884674752622490290e+00
1.462859633777447987e+00
2.662316275347011540e+00
3.051049282244810534e+00
3.365032742825318834e+00
7.017170366646295898e-01
-2.170220656326483644e-01
-1.101596788294713081e+00
-1.713512532361717522e+00
-2.218501541527620358e+00
-2.620537119384646729e+00
-2.959382570944277369e+00
-3.260259507169104065e+00
-3.927786600850590837e+00
-3.740113822451938130e+00
-3.976265779232171838e+00
-4.221235877322572883e+00
-3.242485595319263503e+00
-1.969481201467365716e+00
-8.026772446378185322e-01
2.019340629070605075e-01
1.057829307190980561e+00
1.786506210118245397e+00
2.409786814853389636e+00
2.956952767347765132e+00
3.399256597382076528e+00
-5.729916555780474319e+00
-1.230734917504142345e+01
-9.971959282358016097e+00
-1.299042818074673811e+01
-9.717304809881825989e+00
-8.909462488748015829e+00
-7.706730774616272761e+00
-6.158821285203790907e+00
-4.543029825027180557e+00
-3.106160318435665868e+00
-1.835475169075475588e+00
-8.083582037994562208e-01
2.392098144871264431e-02
6.954087664229567922e-01
1.232532427977927059e+00
1.664814147882880846e+00
2.024086451725275015e+00
2.331576686115488961e+00
2.598823817236237677e+00
2.830489398235960241e+00
3.031256402219002499e+00
3.205167415924672358e+00
3.355781002451206696e+00
3.486216309219645204e+00
3.598564576516438240e+00
3.678465773646807158e+00
3.714826127038440617e+00
3.729847119575784742e+00
3.754633541421517950e+00
3.801985450832810809e+00
3.862004828036576853e+00
